t=0.1;
p=-100;
k=-20;
m=1;
b=0.1;
km=1;