mDevice = 0.1;
bDevice = 0.1;
v0 = 0;
p0 = 1;

sWall = [10 9.5 9 8.5 8 7.5 7 6.5 6 5.5 5 4.5 4 3.5 3]*4000;
nWall = 1;
xWall = [1 2 3 4 5 6 7 8]*0.0005;
dxWall = 0.0005;
pWall = 0;

dof =1;
tsampling = 0.001;